968
83
267
157
615
455
470
222
483
663
139
503
11
56
804
553
745
827
655
375
997
699
82
971
307
471
715
232
729
379
174
190
801
60
778
676
306
302
609
517
766
509
425
552
521
461
820
539
960
576
465
378
829
777
545
396
199
931
447
366
674
559
491
468
106
578
588
200
603
25
853
930
815
88
149
684
678
520
5
838
149
416
335
229
367
563
176
380
286
638
407
481
291
869
448
535
56
272
598
478
313
693
160
294
721
686
473
731
754
744
217
369
443
824
957
72
304
245
79
970
697
837
718
775
955
624
162
352
826
698
127
130
805
929
772
943
692
746
615
811
945
779
935
850
582
520
412
524
661
583
351
752
308
161
508
169
93
594
709
26
707
735
695
182
371
365
782
998
515
362
677
691
97
459
51
956
828
18
892
990
883
685
790
227
112
778
965
858
406
158
528
600
659
805
729
122
838
753
452
665
666
776
792
666
558
376
665
963
552
242
445
125
835
735
591
118
1000
159
585
851
862
162
814
264
830
702
728
707
28
991
676
497
568
426
194
361
932
873
119
730
483
437
8
506
346
928
970
842
974
981
946
359
936
305
600
831
297
997
574
172
675
711
335
895
90
623
61
434
698
337
207
712
843
448
625
871
968
433
545
706
230
717
482
33
922
962
792
645
704
242
399
493
50
214
767
987
436
106
666
72
261
834
319
507
204
29
899
718
30
294
575
767
894
278
511
981
299
447
667
644
471
501
937
583
982
509
34
553
865
98
228
982
412
756
266
481
946
3
88
361
717
69
159
41
357
950
184
603
899
1000
66
541
417
296
746
662
846
117
300
848
904
62
377
520
282
532
924
397
593
243
346
90
831
645
938
466
411
418
417
983
874
928
685
598
519
899
61
28
934
490
141
523
155
468
971
64
925
614
358
415
957
340
625
115
644
550
729
532
44
168
166
32
213
750
350
251
853
75
963
733
237
154
960
141
714
318
777
275
252
917
779
290
424
350
402
364
932
199
109
915
176
205
604
841
399
777
235
176
604
789
806
920
981
368
131
348
964
229
34
666
670
482
239
976
907
391
18
702
359
26
232
88
127
368
805
322
698
372
233
189
257
560
15
19
631
125
449
16
168
824
944
56
426
403
901
456
587
991
661
961
613
126
129
307
382
438
833
553
581
579
797
118
567
547
696
316
522
479
396
185
305
987
854
748
235
218
539
879
770
60
565
574
274
197
269
80
992
320
931
506
776
362
880
827
101
386
320
952
620
256
476
870
561
631
997
321
954
178
163
134
791
718
894
296
733
19
4
773
102
122
366
478
269
14
365
411
253
500
886
638
342
869
994
729
497
936
763
137
347
99
168
322
491
606
365
707
218
279
76
608
682
149
534
243
627
472
906
881
197
19
139
883
645
638
119
552
259
328
930
762
482
11
480
333
439
235
676
676
5
635
89
216
935
956
577
74
56
152
925
805
308
789
563
117
712
983
790
512
936
791
48
906
299
752
717
418
264
597
225
183
176
260
6
679
455
932
593
173
533
253
967
996
943
896
302
570
252
790
21
907
94
741
75
646
661
270
27
962
471
947
641
469
110
188
873
948
704
130
280
533
12
93
852
901
148
317
762
590
511
975
932
467
316
259
719
716
817
990
726
142
947
123
135
410
907
354
762
430
904
683
667
702
532
431
159
342
976
235
866
428
372
317
58
936
485
919
925
703
121
886
271
921
794
854
689
759
924
532
962
315
495
867
511
945
512
910
548
48
475
413
919
598
899
288
37
94
716
191
635
3
253
104
129
151
899
225
600
22
917
966
129
143
372
840
661
181
721
843
438
385
574
558
976
726
919
587
354
70
84
198
169
163
98
776
757
574
802
756
202
991
186
750
836
286
508
2
914
97
65
959
788
647
379
364
400
45
126
507
74
324
540
282
682
410
450
566
747
664
99
318
507
224
935
833
617
156
434
919
717
665
474
881
143
867
3
250
372
480
572
393
206
40
946
559
715
752
544
558
735
187
431
171
500
741
875
963
118
538
978
552
657
337
316
392
327
198
239
224
762
483
594
445
271
497
530
240
806
143
670
668
914
998
820
109
436
228
273
137
748
781
939
995
770
762
675
80
354
508
757
948
183
938
822
165
884
326
368
785
413
202
782
495
437
524
163
741
911
807
904
111
248
279
504
249
409
296
227
233
299
581
985
50
611
12
490
727
534
375
193
638
297
2
717
596
219
7
943
503
760
230
932
464
804
508
468
301
68
423
984
120
201
276
264
203
466
944
423
813
147
2
