231
30
395
491
750
609
366
242
908
868
511
753
910
434
687
492
806
388
274
236
783
338
228
561
818
280
959
499
132
512
871
95
115
463
539
432
235
114
997
965
528
734
80
47
4
519
637
182
412
201
945
167
907
332
616
512
727
872
41
846
996
965
197
743
492
20
87
225
479
775
300
818
589
29
346
422
69
344
301
330
655
615
996
856
844
436
239
487
522
144
805
294
895
572
334
100
912
776
599
833
587
178
58
99
307
673
890
304
165
292
875
919
913
223
790
578
935
542
909
31
390
556
64
259
510
807
3
828
586
415
429
180
896
715
87
391
712
507
772
744
20
82
342
716
303
42
525
400
735
402
511
811
516
738
653
294
47
552
619
631
520
701
71
818
866
35
174
947
633
580
64
61
364
454
1000
325
837
802
970
925
407
50
62
902
453
949
547
647
72
762
589
77
39
511
825
340
40
617
622
504
980
549
331
407
610
770
349
25
573
874
187
872
672
96
20
135
96
670
552
476
701
739
181
601
851
65
712
804
385
524
348
361
826
635
401
639
301
420
562
63
427
944
468
531
72
152
231
167
980
78
542
101
679
749
518
884
242
694
59
122
564
157
416
868
569
748
253
480
684
654
884
261
55
458
819
303
918
240
907
115
720
425
174
30
164
862
230
289
871
239
751
7
204
267
496
803
99
122
882
127
209
321
107
919
157
790
935
342
292
82
441
376
672
580
172
493
865
199
334
994
313
899
605
608
815
779
437
91
909
802
588
898
717
257
900
340
291
643
382
590
508
757
519
73
438
916
596
761
273
125
495
685
813
654
109
777
177
441
626
748
795
980
689
425
818
59
353
642
207
441
721
429
34
110
566
68
183
847
598
642
808
826
817
349
775
978
146
208
387
994
409
963
594
552
639
235
945
290
905
287
310
983
984
172
846
520
400
674
522
734
16
124
39
83
770
942
276
17
418
908
433
188
636
845
702
64
865
505
830
562
856
558
269
247
929
830
244
916
48
552
49
370
814
659
471
80
328
637
976
506
134
267
436
529
520
257
781
966
367
246
257
575
135
247
569
946
263
903
438
4
354
506
259
652
405
500
56
847
625
859
761
223
760
380
320
297
767
926
963
35
791
502
24
565
592
259
461
148
708
835
30
729
854
52
699
830
900
664
661
857
572
19
622
815
919
383
986
394
351
981
872
178
303
745
701
30
267
347
55
127
198
843
305
445
622
921
735
617
841
969
570
195
470
760
298
888
262
269
569
183
803
529
904
869
299
374
922
270
31
112
34
99
205
51
748
187
881
963
123
147
787
722
753
335
617
84
618
514
458
424
261
551
821
182
106
74
333
582
629
101
654
809
755
761
571
906
79
708
880
417
705
584
124
925
141
713
894
96
275
620
879
651
610
145
267
564
226
376
229
216
377
77
363
150
74
680
378
324
791
809
3
137
248
424
360
254
551
511
36
295
434
332
346
620
957
736
737
28
325
142
630
497
818
774
386
56
118
683
944
57
915
866
765
419
341
431
664
332
134
144
514
300
266
867
652
2
581
522
843
279
986
478
101
826
620
330
217
691
184
82
499
817
276
114
216
556
910
244
399
80
145
915
394
393
864
955
306
249
497
264
672
1000
149
730
775
759
483
776
936
747
923
473
828
166
316
211
925
172
840
820
145
905
249
730
967
254
737
342
97
452
242
277
410
426
360
323
554
537
783
321
240
888
464
734
581
766
738
467
859
651
495
208
668
129
547
362
765
609
258
822
665
832
835
474
81
279
371
560
204
842
38
936
878
766
661
546
79
470
908
593
393
792
709
254
837
250
749
429
224
602
572
759
522
94
443
753
771
27
216
809
582
178
184
335
445
373
940
49
541
172
501
1000
675
179
911
726
936
838
594
866
121
224
649
327
256
332
756
405
94
432
364
874
768
698
632
942
496
561
234
514
573
721
155
109
566
331
19
331
493
600
275
488
89
817
24
952
965
492
698
572
743
553
781
391
379
475
537
813
788
561
453
784
599
89
458
946
711
839
161
410
387
527
716
230
378
227
639
595
54
460
555
60
820
85
229
961
537
565
117
985
972
442
953
884
102
436
149
457
191
459
94
407
375
678
50
157
428
211
418
658
579
900
855
255
334
118
951
96
805
885
455
783
477
470
320
519
93
187
320
343
538
862
33
630
970
679
816
89
509
601
611
244
276
302
379
26
814
881
821
500
333
355
817
270
974
779
357
578
460
3
415
95
837
646
40
965
74
759
444
146
414
914
251
261
739
876
902
19
824
778
