687
375
97
814
602
491
71
384
410
364
90
485
317
123
936
281
540
220
53
132
619
808
665
288
769
509
104
841
72
310
118
821
917
952
784
202
832
424
453
592
970
934
342
853
649
832
226
734
670
116
71
803
277
590
19
785
131
911
105
70
243
58
1
641
724
256
609
842
127
239
96
725
375
604
31
993
397
985
819
800
46
720
28
629
451
761
197
837
954
999
15
337
641
40
115
99
699
943
809
397
7
766
732
429
109
302
424
833
929
936
571
885
638
94
635
80
424
440
771
680
823
71
816
382
23
316
731
774
987
817
436
218
905
649
282
18
684
556
552
423
505
554
11
525
55
421
351
244
121
509
346
66
629
643
344
843
712
750
624
757
210
161
987
684
770
258
993
405
385
911
225
37
621
711
752
104
943
427
425
913
546
198
356
38
194
735
633
198
762
593
800
233
684
302
943
24
200
823
466
191
50
27
699
46
264
996
42
701
278
462
376
719
331
894
787
941
678
804
758
476
852
95
200
809
105
989
822
217
539
756
795
665
343
860
500
775
910
952
165
627
338
643
367
697
835
874
463
384
737
491
294
205
261
843
785
735
631
660
13
352
34
828
841
661
472
297
391
266
580
73
244
285
714
212
449
785
573
990
366
21
234
721
959
230
902
381
567
221
660
184
894
745
452
837
778
12
989
463
87
653
398
231
912
612
357
107
601
681
538
266
799
205
893
600
302
739
74
593
770
377
336
207
787
395
928
640
560
432
569
565
6
941
792
748
176
999
29
676
761
872
113
715
571
559
412
644
655
993
612
393
811
715
616
946
765
827
798
180
223
280
417
796
731
334
935
266
35
618
73
336
623
312
489
543
183
505
549
699
955
816
416
415
699
827
728
826
398
832
940
625
144
145
677
960
651
119
538
734
973
232
761
437
741
458
91
258
382
493
607
224
216
245
283
98
91
687
469
338
391
606
385
264
616
425
273
897
708
984
468
998
382
25
262
711
685
22
907
220
667
164
910
752
236
7
888
833
744
550
91
359
419
948
128
97
650
248
285
608
297
121
831
174
121
965
726
374
337
964
103
710
482
54
43
741
690
704
616
949
444
618
26
479
200
165
756
927
919
480
454
386
387
356
549
611
350
548
983
366
704
161
283
716
335
126
641
551
306
377
974
542
189
467
50
380
78
887
150
776
579
597
291
838
957
873
161
974
71
861
243
533
728
141
228
757
694
747
768
698
493
106
230
308
269
171
277
210
668
858
40
373
257
239
771
61
319
761
423
842
162
746
714
575
305
709
245
284
824
975
377
130
37
952
59
738
194
728
243
801
790
456
287
484
713
199
314
347
892
69
494
521
550
915
421
853
362
913
524
743
647
574
634
304
374
675
173
437
197
810
181
285
661
680
422
563
745
359
700
386
985
332
336
116
527
118
462
984
368
985
542
748
5
21
219
755
56
414
821
902
455
456
546
697
310
492
946
791
533
905
63
990
533
970
299
689
131
329
498
315
557
128
304
287
139
312
926
600
165
591
799
217
314
982
357
815
133
386
442
872
273
296
975
558
660
901
760
769
144
424
942
934
863
610
868
22
266
384
884
561
80
429
126
528
366
582
141
326
51
789
295
632
16
428
543
482
681
392
526
540
541
56
882
39
176
106
673
97
96
544
940
66
413
275
638
852
365
130
616
960
884
689
48
333
736
25
92
205
172
128
561
590
768
375
602
477
583
197
638
468
238
185
410
217
618
201
382
84
167
807
516
728
681
125
935
940
826
646
914
620
383
176
128
401
230
463
273
413
910
450
815
366
59
833
283
805
732
161
251
878
341
370
714
892
393
944
314
430
926
930
732
777
753
943
182
126
63
31
762
231
581
908
794
183
94
12
864
729
217
732
927
280
600
214
438
366
311
744
133
432
785
541
469
995
681
222
29
688
188
25
903
368
148
836
978
851
769
284
271
743
673
588
353
8
139
34
840
393
381
751
444
267
717
290
118
209
198
536
21
458
639
364
832
636
955
882
656
42
29
466
840
336
866
258
980
354
639
24
988
866
562
799
638
391
321
758
615
262
128
927
998
574
821
817
764
416
145
366
359
16
624
944
918
819
586
87
416
330
716
777
535
276
846
631
283
237
917
456
515
379
173
198
112
124
140
226
623
642
647
309
448
412
469
426
830
949
717
928
699
46
931
24
4
325
658
612
32
63
174
553
804
325
365
159
4
124
619
962
444
527
226
128
962
499
82
553
287
601
929
378
611
875
185
553
795
855
47
992
916
738
550
324
