3
681
44
153
324
168
190
24
157
620
45
387
883
266
739
774
792
472
208
788
218
603
686
521
519
842
210
681
515
113
71
732
714
395
240
194
260
459
269
975
307
634
802
644
5
539
19
759
283
67
882
849
722
850
591
199
525
676
862
881
49
595
295
294
876
902
826
593
155
690
402
541
696
565
180
460
758
200
542
595
136
239
480
793
717
597
760
812
306
540
700
449
169
338
267
777
342
369
494
904
877
237
221
787
759
535
770
716
283
970
27
936
227
111
191
974
14
946
978
383
350
975
688
521
930
876
492
355
209
214
602
14
215
248
313
401
226
306
29
81
954
346
684
135
427
176
965
978
42
672
917
7
783
109
484
343
538
806
293
68
675
971
466
385
914
247
588
571
757
738
807
426
912
149
271
612
284
813
419
784
514
476
562
687
406
56
857
695
227
23
307
499
393
792
266
851
460
867
553
837
945
310
647
411
430
157
679
187
897
933
269
272
666
197
313
232
452
456
449
976
949
561
495
497
724
603
510
421
161
261
801
62
744
346
675
71
320
7
437
281
295
418
342
448
867
791
115
382
278
48
166
549
388
702
561
782
371
711
582
654
829
998
380
148
794
797
684
87
383
768
204
749
549
81
857
562
267
365
1
162
463
777
605
783
795
279
885
676
653
90
856
491
580
982
355
22
654
775
603
364
938
366
528
396
204
308
102
849
169
137
762
138
738
217
754
370
84
355
116
126
978
245
14
891
582
25
552
597
79
744
879
53
503
335
762
834
922
803
369
449
529
778
993
830
304
905
890
998
780
991
337
523
88
155
281
105
690
748
4
982
484
572
668
147
436
779
12
154
274
170
123
311
983
570
581
173
500
774
596
55
504
355
876
610
622
54
520
43
434
502
218
872
876
848
780
793
825
715
224
638
408
109
929
29
900
651
409
88
303
136
416
240
417
752
433
746
356
180
255
706
457
650
146
55
740
471
120
442
11
491
946
1
449
515
551
734
589
264
415
99
295
179
956
485
439
880
620
504
595
403
315
603
90
745
602
585
529
645
402
132
617
599
142
388
314
732
226
696
429
504
437
732
867
931
439
898
923
649
39
156
805
595
540
664
602
482
691
149
394
536
493
75
85
395
213
791
700
39
857
525
727
912
937
15
81
146
197
131
181
838
587
795
408
356
663
131
551
203
737
320
986
348
476
328
324
558
865
237
314
424
433
194
520
289
86
508
895
753
162
724
740
315
247
378
132
874
59
651
657
588
723
27
647
626
936
357
348
837
789
795
841
714
655
722
323
962
86
957
349
979
162
607
100
310
505
262
129
547
792
408
748
908
728
497
502
614
230
162
20
538
706
403
69
215
852
79
180
367
673
162
917
724
352
550
272
351
566
739
175
464
988
460
704
436
881
343
842
871
351
158
574
381
781
166
380
175
883
670
592
516
2
695
586
582
12
174
63
992
503
38
378
326
364
37
286
885
486
766
309
71
855
84
254
993
337
596
575
867
814
845
397
479
578
796
725
170
737
379
978
931
467
812
44
540
235
810
474
347
628
447
668
791
645
112
50
787
577
1
658
656
817
244
980
807
691
142
923
409
235
582
831
432
408
475
402
593
110
479
98
580
147
286
99
854
822
119
638
394
810
916
267
690
154
196
461
268
663
986
790
197
11
220
231
669
621
816
621
33
27
657
339
602
247
803
494
882
98
565
894
10
476
968
395
539
80
874
435
790
493
384
861
880
193
740
453
148
564
510
276
516
157
362
785
241
885
419
276
30
291
175
846
527
349
741
708
436
487
833
278
883
707
948
422
155
713
618
998
528
842
865
501
369
763
669
831
91
370
752
105
178
320
472
185
263
283
397
29
958
874
451
178
732
289
939
758
548
619
744
104
306
58
229
78
984
52
126
744
568
425
201
135
990
135
936
257
69
503
829
723
440
962
840
920
385
288
31
393
978
756
106
736
728
211
885
263
908
257
186
825
48
903
508
789
982
646
121
148
667
686
983
587
505
921
516
212
398
552
849
145
447
324
338
584
668
571
652
141
136
153
614
690
571
393
72
683
634
918
31
853
367
724
578
371
618
257
971
544
354
151
393
182
54
446
297
367
894
284
75
536
996
769
211
141
117
219
949
169
631
768
405
450
289
322
945
845
134
816
273
756
985
749
80
458
794
420
731
698
434
298
213
738
380
438
794
729
331
134
545
653
411
317
453
400
343
828
364
990
780
77
764
965
893
38
369
740
147
470
126
684
605
352
271
479
111
585
318
395
483
314
505
