459
26
746
829
176
50
542
813
659
116
624
119
937
955
635
563
173
304
340
684
701
73
123
248
470
718
355
670
102
911
671
458
516
884
485
317
857
769
725
602
749
834
711
450
3
499
608
958
541
982
8
485
92
461
641
472
929
715
573
458
296
335
99
192
108
138
348
210
803
507
198
448
482
493
512
384
733
488
60
65
527
344
512
919
971
922
718
162
738
395
910
492
268
806
48
776
482
536
704
115
297
472
895
764
208
811
657
892
47
614
723
902
599
982
36
829
856
491
840
32
430
137
440
997
90
385
867
301
610
616
609
699
577
182
508
381
198
355
162
407
86
818
353
297
179
555
438
822
428
779
105
262
896
14
822
892
203
651
298
194
365
431
29
251
818
470
760
676
509
422
968
49
169
759
376
391
390
438
874
419
300
624
209
470
147
842
590
599
917
854
871
655
38
230
384
182
620
720
44
171
15
788
15
403
437
383
19
863
602
168
458
119
325
995
80
38
387
237
655
976
453
917
867
705
978
527
267
834
962
140
248
13
261
924
774
207
282
186
40
845
206
470
241
614
277
513
347
952
35
108
918
653
970
796
475
986
113
677
536
237
299
669
805
588
344
346
822
873
632
187
564
773
208
835
134
44
922
115
460
68
977
73
743
630
533
798
222
255
442
35
999
876
828
552
637
231
544
116
808
890
127
276
333
89
757
625
768
188
415
674
120
967
606
590
237
616
293
396
552
509
648
553
196
678
695
533
675
585
739
507
297
96
931
826
38
846
660
836
748
731
134
736
45
316
925
280
302
877
766
259
653
200
891
800
937
802
664
487
248
514
106
388
710
56
553
986
694
130
140
65
672
547
438
3
551
610
866
273
600
229
112
297
758
88
575
902
772
20
340
133
600
54
312
256
145
677
418
512
939
936
859
210
686
315
145
389
391
907
388
979
616
8
661
767
107
491
196
854
228
757
409
726
126
635
311
304
610
921
649
280
119
115
442
979
307
926
252
568
34
358
803
561
25
833
503
633
36
770
710
256
600
284
782
313
85
576
33
287
332
360
544
551
128
106
471
160
300
110
94
857
918
280
651
20
724
102
836
398
858
915
70
851
980
449
38
112
843
703
885
534
89
929
963
88
971
727
222
257
206
498
980
899
418
89
670
867
603
844
494
523
204
243
836
921
175
635
68
585
965
289
758
8
130
809
431
502
669
104
149
830
963
492
443
601
158
334
575
834
167
861
400
428
46
789
111
549
465
887
128
778
530
384
514
465
309
744
849
56
920
429
874
837
755
380
820
59
676
969
250
962
412
837
406
713
82
906
754
834
124
440
774
194
267
867
710
887
789
2
885
311
602
862
88
307
643
86
978
402
87
319
493
444
249
300
657
75
869
453
728
129
770
489
516
854
6
138
963
881
107
274
533
420
945
134
768
832
873
978
343
102
4
579
557
913
708
334
686
383
922
199
490
691
328
556
628
940
635
290
694
566
405
557
735
555
82
516
308
499
427
916
433
900
952
689
957
692
591
285
643
4
914
141
135
841
716
194
335
697
58
464
657
518
204
187
190
226
504
734
63
508
181
390
572
68
741
970
897
726
916
931
812
398
380
664
679
317
855
19
896
948
844
714
846
606
728
752
681
158
415
225
226
256
502
136
818
154
187
358
890
443
279
590
620
791
666
692
500
651
814
894
145
305
573
402
226
764
363
509
672
279
4
808
533
929
82
658
688
791
872
918
129
889
143
165
641
223
966
708
887
775
173
302
885
707
630
786
819
90
470
509
583
992
54
791
967
303
318
460
185
656
726
636
996
706
961
529
500
330
959
986
643
149
634
519
702
768
525
302
974
793
491
237
183
54
254
702
851
140
561
540
824
915
708
419
64
904
900
285
84
73
537
219
867
23
107
538
121
595
116
310
240
758
48
460
7
815
842
293
392
941
537
955
743
480
844
984
645
37
583
94
814
248
614
102
432
996
673
445
571
743
230
245
126
800
465
829
279
959
537
786
966
710
277
662
57
494
870
476
824
373
450
69
848
792
185
802
490
407
308
953
773
549
894
745
422
935
509
746
734
956
220
953
182
150
300
901
754
913
584
878
6
113
657
59
733
420
572
994
653
967
36
942
569
746
449
287
733
914
489
365
107
630
632
348
148
904
370
748
884
54
327
644
255
466
167
627
581
391
720
636
131
461
467
457
382
368
494
217
636
589
349
257
587
197
120
547
77
729
843
889
512
297
283
276
987
783
678
745
204
334
476
557
23
58
893
434
409
202
687
51
